                                Constant values
                                constants  Sun Aug 15 10:16:13 UTC 2021
--------------------------------------------------------------------------------
Index   vec_input_rms   vec_output_rms  
--------------------------------------------------------------------------------
0	1.318397e+01	1.186621e+01	
1	1.416229e+01	1.194588e+01	
2	1.514003e+01	1.199579e+01	
3	1.611870e+01	1.203501e+01	
4	1.709496e+01	1.206838e+01	
5	1.807182e+01	1.209812e+01	
6	1.904838e+01	1.212531e+01	
7	2.002744e+01	1.215068e+01	
8	2.100563e+01	1.217459e+01	
9	2.198412e+01	1.219735e+01	
10	2.296246e+01	1.221916e+01	
11	2.394206e+01	1.224022e+01	
