                                Constant values
                                constants  Sun Aug 15 10:16:13 UTC 2021
--------------------------------------------------------------------------------
Index   vec_i_rms       vec_rps_rms     vec_rps_avg     ripple_factor   
--------------------------------------------------------------------------------
0	8.005684e-02	1.200853e+01	1.200851e+01	1.814410e-03	
1	5.226561e-02	1.202109e+01	1.202108e+01	1.231163e-03	
2	3.879672e-02	1.202698e+01	1.202698e+01	9.726967e-04	
3	3.084702e-02	1.203034e+01	1.203033e+01	8.280926e-04	
4	2.560123e-02	1.203258e+01	1.203257e+01	7.343668e-04	
5	2.188034e-02	1.203419e+01	1.203418e+01	6.690450e-04	
6	1.910377e-02	1.203537e+01	1.203537e+01	6.207828e-04	
7	1.695254e-02	1.203631e+01	1.203630e+01	5.834626e-04	
8	1.523677e-02	1.203705e+01	1.203704e+01	5.540902e-04	
9	1.383639e-02	1.203766e+01	1.203766e+01	5.306755e-04	
10	1.267177e-02	1.203818e+01	1.203818e+01	5.104385e-04	
11	1.168797e-02	1.203861e+01	1.203861e+01	4.936863e-04	
12	1.084595e-02	1.203900e+01	1.203900e+01	4.803028e-04	
13	1.011705e-02	1.203929e+01	1.203929e+01	4.676703e-04	
14	9.479967e-03	1.203956e+01	1.203956e+01	4.566658e-04	
15	8.918381e-03	1.203981e+01	1.203981e+01	4.471088e-04	
16	8.419600e-03	1.204003e+01	1.204003e+01	4.387307e-04	
17	7.973666e-03	1.204024e+01	1.204023e+01	4.315677e-04	
18	7.572586e-03	1.204041e+01	1.204041e+01	4.249850e-04	
19	7.209929e-03	1.204058e+01	1.204058e+01	4.188949e-04	
20	6.880419e-03	1.204073e+01	1.204073e+01	4.133123e-04	
21	6.579705e-03	1.204086e+01	1.204086e+01	4.081326e-04	
22	6.304187e-03	1.204100e+01	1.204100e+01	4.037671e-04	
23	6.050805e-03	1.204110e+01	1.204110e+01	3.994643e-04	
